20
2160000 8136828708 8136405444 8143226421 8138419614 8163824268 8133470220 8145474675 8140363041 8135038359 8130391011 8136782301 8140224180 8136120864 8137318149 8137959870 8139916305 8132873052 8129922987 8134564251 8334012960
1801824 6813704472 6803614440 6759588354 6764701353 6749029071 6781889895 6766006467 6775745940 6767937624 6776502633 6770399250 6762604173 6797024973 6782537202 6769119903 6773110104 6770067234 6767013456 6760803183 6777661521
1500000 5603711235 5604310362 5599434777 5598534003 5601420519 5610761859 5603920863 5608400028 5607682251 5641716699 5610940476 5643903180 5610804768 5641956498 5667254097 5709297768 5640578487 5604321921 5608316490 5600539821
1204224 4472942301 4469160675 4468643601 4477108215 4473551535 4476148419 4469929341 4473139239 4484213868 4482902862 4486293714 4482606177 4481883000 4485517305 4469680029 4466119410 4465133793 4463703738 4470722067 4464113184
960000 3535159968 3534211683 3533182656 3532808127 3535887030 3534610425 3534941796 3534265626 3535512372 3534805134 3534985002 3534201231 3533658642 3534149982 3534278232 3533746632 3533699322 3534932499 3535006125 3535340088
726624 2649611088 2651221311 2651782788 2650189335 2651288949 2650797810 2652000570 2650188672 2653933062 2649549540 2649359016 2652053535 2650840188 2653065549 2663814723 2650574760 2651116452 2650366929 2652291522 2649978099
540000 1946049942 1945270275 1945090419 1944808986 1947238334 1945883082 1946496029 1945065669 1945673357 1946775327 1945489299 1946976666 1946270121 1946738739 1946171172 1947819111 1945700841 1945745697 1945673724 1946217615
369024 1304637000 1332502929 1305029730 1305161946 1307954851 1304839647 1305147465 1305451875 1308502737 1308387905 1304684598 1307246301 1309830489 1306132293 1309413381 1306861362 1305970869 1306830420 1306327176 1306333167
240000 831985666 827680575 829006362 837596316 833645397 827880219 829368861 831925154 836065118 829532499 831943309 835036701 832826824 832952511 835314111 834062095 836977560 829832433 840692419 835901438
153600 513737010 534539772 523050321 517430044 518605753 523891446 514171701 519871779 527252317 515121033 514944132 529090995 527594101 528162840 529116995 529032183 516004676 518693715 514149783 524401401
60000 189390925 196248659 199931852 199688025 200242906 195388862 199536846 195160965 206660649 202189777 196468869 195977897 200774111 199435239 191276243 184951733 207067692 198828697 184403771 207020485
38400 126997548 128838871 113700585 122515383 127279821 125186434 127331037 135198014 121200495 127015293 124401979 114790152 124360080 119317297 127429809 131877752 111983580 124179304 134142579 135429657
21600 70782489 73333389 61169412 74128968 58280449 79255563 67149408 73706303 70847577 71909586 77451959 70112631 77299992 70334117 76304337 72501102 68114745 76984511 76826823 69302049
9600 35327160 33990284 34731643 32652216 31738421 34359094 35932341 31534247 28872337 31786379 35482440 33505581 34502613 34701408 30935091 34410037 32948529 34369513 31968634 35959523
6144 18195397 16321507 17283429 18153616 18257730 17623031 18098670 18323137 17917149 16729868 14396789 17605980 18186833 17558020 17174296 18117323 11838124 18134197 18063396 18278557
2400 2840633 2853247 2835900 2827327 2882797 2829374 2879527 2828280 2153370 2830964 2824994 2833627 2823143 2831130 1744568 2014430 2848606 2814503 2828633 2958960
1536 774863 759840 768016 754687 769837 765000 767220 765503 765459 767564 756411 764746 763800 769170 768291 766980 766200 770160 772484 817514
864 856 533 487 556 1696 501 623 794 879 764 909 937 471 706 570 494 526 856 554 674
384 639 540 533 554 494 556 600 473 637 519 494 503 1283 660 531 496 547 473 496 517
