20
2160000 82762528143 82772224833 82835252301 82750767243 82770990996 82846038516 82782438567 82787474289 82782039672 82752265764 82782479349 82783611936 82767550767 82791117762 82780416018 82963332810 83119927089 82786523370 82780702221 82771042212
1801824 69025029540 68776604688 68773311555 68774790108 68770409349 68787706668 68775332802 68777919630 68773349421 68790287472 69169433970 68768357928 68778477861 68775471066 68775178359 68780719956 68777108958 68780993460 68774025747 68770613631
1500000 56978744247 57004743285 57001297824 57007223994 57516415221 56972552268 56943488715 56998722930 56979738381 57008583219 57298190085 57007701498 57010829130 57000965982 56998612836 57011329521 57008855178 57007866933 56999135088 57000371802
1204224 45500440086 45494632848 45471474666 45494357121 45495284727 45493244370 45501476619 45978684732 45498909213 45896624316 45514601778 45496580487 45499051407 45744496920 45653911062 45593733837 45496299609 45495242232 45494541774 45691733403
960000 36665852535 36028916256 36049046025 36021655431 36017180196 36023003220 36022025475 36021866595 35999705142 36020526612 36019633686 36021100602 36023114853 36022542135 36019212210 36019251855 36025273074 36020494356 36020477556 36019367337
726624 27000807312 27000057231 27020454687 26991774876 27005424908 26981948454 27214419021 27344912883 27008947980 27007724559 26993020509 27008081466 26991184227 27001760715 27000965676 27008109195 26990824035 27008606382 26993251131 27005248245
540000 19821235182 19833550392 19826331921 19831070940 19827150483 19829712090 19864083618 19830209910 19825616100 19828810179 19945608294 19870200753 19922868711 19938801386 19927767186 20008960416 19939328193 19913136387 19892284716 19862483703
369024 13714671840 13927781510 13314113976 13308247089 13307851695 13309457886 13304806731 13311350763 13302988806 13307360218 13314906666 13315810672 13307903694 13311848841 13310929617 13305141276 13305741052 13303374627 13308401148 13313382331
240000 8442743349 8442479190 8442091549 8447346495 8440818664 8444154775 8436573294 8441373540 8445088557 8445603705 8436854085 8436781599 8440453184 8440486149 8443847344 8441959551 8439674254 8447114835 8470404188 8443413357
153600 5227687054 5225586618 5229720492 5220837732 5221752756 5233135593 5238476919 5228224642 5220967680 5221551636 5228422552 5229805441 5223506937 5228042847 5228757924 5235091371 5226717019 5228827212 5224015282 5234776572
60000 1858553583 1851060570 1863982285 1854504513 1861703211 1859524927 1848746763 1846160043 1857621642 1861712598 1851838793 1847359215 1859513807 1853819022 1852083015 1858189059 1840850528 1854054331 1856655064 1841365249
38400 1097699310 1110716242 1107991149 1108581164 1116064848 1097507211 1111881275 1116175682 1099703949 1112196404 1115080225 1099692003 1111037055 1113101385 1114989976 1115017704 1113017218 1110288267 1113416591 1108873484
21600 562557411 549617946 561345690 547882077 548904744 564803025 565850319 559269000 553876062 558514476 555815908 548389365 565268712 569161725 559693763 558605852 554578707 562737813 564296102 562920344
9600 190130322 205088169 206832682 200894179 208374932 206926238 201877200 206677899 204209392 202112061 201701937 202816941 206023635 197360040 193551804 202108878 207154459 205694458 206356545 207133792
6144 112715175 109386044 111723213 114650913 102954865 121054609 106974655 109878474 114991533 119524524 110669325 97941498 98466192 102367041 100810954 103202547 98723382 100017381 108650817 103535160
2400 24525556 23740819 24033413 24576907 12993002 24655821 23310915 24679994 21313861 23614400 23484686 23646101 17541552 24539003 22098501 22099731 24618487 23918508 21838629 23973515
1536 3430680 3475491 3423376 3418650 3368273 3426983 3363307 3389571 3365296 3419266 3364973 3422527 3348999 3363330 3416079 3360021 3414067 3370050 3412214 3360930
864 981 953 1036 990 1034 870 706 960 764 862 856 884 1913 766 916 570 1080 856 948 930
384 1890 960 584 981 750 930 990 960 1417 563 1057 586 1050 877 646 1117 1027 766 1140 810
