20
2160000 106098894 105805230 105592632 107407947 105665880 105598410 106467225 105752607 107590416 105807849 105553392 105682563 105394245 105638823 105598926 105577140 107536002 105996939 105959667 105705156
1801824 88080759 88093359 88794735 88039641 88163325 88416300 88133265 88211760 88211940 88345011 88194573 88130535 88341924 88214673 88329669 88141974 88335750 88102533 88383384 88546956
1500000 73467498 73374393 75321912 73530591 73261575 73646967 73330821 73721052 73458819 73420815 73719285 73446159 73750563 73418058 75965568 73409163 73468515 73671744 73614675 73340700
1204224 59065242 59017800 59090007 59004234 58986708 58910751 59101794 59492784 59226099 59248995 59018685 58988298 59039997 58954809 60340548 59061204 59022147 59126967 59231805 60620370
960000 47229957 47332941 47072499 47363784 47131062 47355678 47266275 47372457 47090169 47353014 47292228 47709591 47188488 47481729 49638626 49375206 48119454 47410329 47288052 48459621
726624 37099902 37150371 36364056 39934508 36801360 37501213 36168027 36596163 35608605 36280530 35556858 35982912 35914933 35804466 36563814 36065709 35840193 36023181 35821386 35899794
540000 26906463 28105868 28039686 27970002 26840550 28164129 27985245 27910272 27722001 28530768 28070718 28163730 26503398 27908442 27883719 27924624 28258125 27980103 28584476 27830409
369024 19470460 18567615 18676992 18765588 18456195 18585123 18460170 18970272 18669942 18875052 18662313 18680826 18813419 18644802 18423003 20368666 19579880 19927371 19408304 18528573
240000 11832219 12220923 12053862 12275343 12102900 11881029 11985258 12255462 12147652 12294049 12150389 12039208 12318219 12106976 11823342 12168900 12149892 12224058 12126798 11874497
153600 7487874 8113194 8305918 8056936 8115836 8135392 8055654 8301948 8187269 8437036 8025140 8092759 7916010 7997864 8068425 7942952 8095828 7960539 8260310 8282102
60000 3026031 3150498 3039069 3035919 3083022 3170277 3143228 3034260 3035349 3179694 3041484 3036414 3097389 3032469 3031947 3475261 3070776 3032139 3035250 2942766
38400 2007368 1940691 2007864 2026108 1945893 1936209 1942920 2012572 2010632 1944507 1944612 1942938 1948449 1940742 1942248 1943283 1947927 2039244 1949811 2017500
21600 1180096 1097442 1133428 1097985 1094538 1133836 1096422 1134780 1095294 1131888 1099629 1100748 1135940 1095573 1099911 1245957 1108527 1138424 1134525 1099437
9600 495138 491628 495096 491736 510244 509236 492675 492468 492387 491736 545898 490170 493083 509084 491328 511920 512964 490776 490425 492225
6144 318135 317238 326416 317397 317166 316821 316779 328408 315750 328432 316671 314922 317820 314772 319287 327136 317769 329484 316224 315453
2400 126288 126903 125391 126048 126492 126747 131828 126594 126717 126093 130768 126036 131384 125790 126486 129620 126057 125067 129524 126720
1536 84016 81900 80970 82683 81603 81357 80529 84700 81462 81315 80940 81960 81012 84628 84172 81381 83792 81912 81387 80640
864 48471 46965 49052 47511 47013 50000 48720 47589 48884 47508 48870 47832 47304 47244 47301 48333 47643 48764 47208 47175
384 22320 21699 21630 21711 22401 21777 22564 22188 21774 21954 23196 22164 22023 21726 21981 22008 21891 23008 21771 22716
