20
2160000 8714814 8689125 8496852 8559513 8758053 8651208 8605881 8645007 8663457 8660169 8897013 8749599 8747346 8728119 8463273 8726697 8570961 8848551 8625513 8863644
1801824 7291278 7356999 7196847 7366803 7404126 7243944 7309554 7270080 7369323 7343853 7338255 7393869 7370895 7396137 7383138 7248531 7305165 7222815 7265229 7389669
1500000 6216459 6111900 6305442 6074403 6174795 6205458 6250740 6341916 6070410 7749428 6054504 7493538 7954252 6155463 6121860 6371670 5900877 6111555 6116331 6228798
1204224 4907622 5062521 4918494 5019426 5053596 5010012 5019399 5077320 4738881 4993974 5180334 5014230 5063340 5057724 5203260 5176968 5145807 5115420 4976874 5180760
960000 4414512 4396857 4473534 4165434 4207920 4046436 3964779 4060695 4008591 4059762 4137840 3976228 4859271 4197720 4096605 4323360 4465560 3969267 4231380 4103847
726624 2764542 3130218 3191844 3469914 3708884 3162048 3045213 3258657 3035670 4019121 4356039 2940411 4151677 3646206 4046394 3471426 4045266 3889608 3976842 3613524
540000 3073446 2500407 2313525 2432716 2506983 3019115 2276391 2417724 2726163 2541567 2271498 2336790 2388384 2727462 2304546 2236080 2535864 2353818 2501448 2350380
369024 1876938 1028979 1199916 1228110 1283151 1458768 1158852 1027095 1034022 1697544 1082295 1342797 1257654 1445943 1055958 1272714 1118634 1316355 1241466 1204818
240000 574788 775372 754468 779040 734727 762690 781380 624420 877140 714728 716127 786618 932952 902100 732676 748192 939060 694506 623247 967320
153600 356568 582185 524248 408582 403344 456271 523128 817858 489240 455355 598805 530790 377982 489711 564056 451624 449692 426378 445863 467535
60000 141840 140337 139980 141300 140217 141246 142554 140940 141246 244328 151792 149548 141015 140646 141912 182602 140787 140847 141075 140733
38400 89955 97188 90603 91542 90492 90168 95884 91419 94032 90666 89931 90339 96984 90822 96660 91530 90414 93615 90294 93456
21600 51813 52308 52122 51696 51960 54844 51660 53145 51702 53856 51798 53572 51957 53516 51840 54996 51795 51873 53912 51642
9600 22893 22548 23492 22779 23516 22794 23344 22776 23792 22740 23340 22899 23420 22860 22779 22890 22755 23572 22641 22839
6144 14607 14559 14739 14739 15128 14778 14595 16512 15208 14796 15969 14634 15303 15000 15952 15096 14682 15088 15144 15264
2400 6075 6168 5979 5904 6474 6171 5928 6204 6352 6452 6380 6273 6015 6138 6015 6240 6996 5952 5928 6204
1536 4425 4344 4431 4434 4443 4464 4458 4516 4648 4371 4437 4470 4443 4446 4383 4383 4506 4428 4596 4380
864 3592 2544 2415 2415 2508 2418 2454 2668 2475 2493 2403 2427 3327 2388 2418 2460 2439 2442 2526 2500
384 1468 1588 1509 1434 1398 1436 1422 1404 1422 1434 1724 1556 1424 1368 1437 1480 1482 1572 1448 1392
