Filtro: diff   Implementación: asm   Imágenes: phoebe1, phoebe2
2160000 8947773
1801824 7334058
1500000 6252303
1204224 5124918
960000 4155348
726624 2769612
540000 2070924
369024 1356424
240000 748527
153600 393630
60000 272947
38400 96360
21600 69720
9600 30615
6144 28283
2400 8035
1536 8430
864 4447
384 2619

2160000 8832165
1801824 7294146
1500000 6015990
1204224 5018628
960000 3837009
726624 2690931
540000 1955036
369024 1424571
240000 1124107
153600 349893
60000 161112
38400 176026
21600 100553
9600 43763
6144 28507
2400 11453
1536 8476
864 4604
384 2603

2160000 11670600
1801824 7312416
1500000 6284223
1204224 5045907
960000 4179129
726624 2713833
540000 2634571
369024 1742557
240000 1160490
153600 462810
60000 271860
38400 174891
21600 100290
9600 43791
6144 28424
2400 11506
1536 8347
864 4583
384 2573

2160000 8635320
1801824 7366284
1500000 6074964
1204224 4975110
960000 4096407
726624 3080106
540000 2044536
369024 1312424
240000 1050113
153600 696353
60000 167864
38400 174660
21600 77995
9600 31820
6144 28306
2400 11529
1536 8416
864 4627
384 2587

2160000 10632681
1801824 7294833
1500000 6127638
1204224 5107827
960000 4156560
726624 2782512
540000 2586907
369024 1002441
240000 1191607
153600 712124
60000 272954
38400 175140
21600 70325
9600 30520
6144 19685
2400 11386
1536 8603
864 4544
384 2640

Filtro: diff   Implementación: c   Imágenes: phoebe1, phoebe2
2160000 106863966
1801824 89796453
1500000 73379280
1204224 59700894
960000 48112494
726624 35715912
540000 27821573
369024 18137001
240000 22536078
153600 15079687
60000 3326164
38400 3802703
21600 1999087
9600 724295
6144 607499
2400 242587
1536 148009
864 91380
384 43456

2160000 105621615
1801824 90099459
1500000 73438491
1204224 58995684
960000 46984137
726624 37041990
540000 31045131
369024 18083910
240000 23528197
153600 7576275
60000 5980500
38400 2866795
21600 2119027
9600 952064
6144 610689
2400 302084
1536 156646
864 91394
384 42540

2160000 106817298
1801824 88466781
1500000 73360689
1204224 60045627
960000 47804154
726624 35987091
540000 28446564
369024 27421504
240000 20788636
153600 15045180
60000 5382417
38400 3776107
21600 1480290
9600 947220
6144 611176
2400 243120
1536 157057
864 91156
384 41190

2160000 106637553
1801824 89421576
1500000 73367502
1204224 58911348
960000 47843109
726624 39833886
540000 26662113
369024 18166140
240000 22738821
153600 15052456
60000 2951904
38400 3755617
21600 2122027
9600 959130
6144 315324
2400 121938
1536 78696
864 90674
384 41827

2160000 106682994
1801824 90385641
1500000 73401723
1204224 59035101
960000 48214155
726624 37992699
540000 28538558
369024 18169740
240000 22453462
153600 9629558
60000 2939718
38400 3775147
21600 2158254
9600 757550
6144 620827
2400 243037
1536 156577
864 91200
384 40860

Filtro: blur   Implementación: asm   Imagen: phoebe1
2160000 8280844158
1801824 6841421190
1500000 5662024962
1204224 4515336783
960000 3580666146
726624 2677465518
540000 1961843484
369024 1319487539
240000 840006205
153600 517613481
60000 194127687
38400 120641915
21600 63168372
9600 30411943
6144 18115860
2400 1585599
1536 757560
864 240
384 570

2160000 8239460484
1801824 6815587410
1500000 5655797190
1204224 4513328454
960000 3582855651
726624 2674152036
540000 1963573073
369024 1318762014
240000 835302499
153600 533405064
60000 183007290
38400 133729095
21600 57806887
9600 35901946
6144 18080047
2400 1555976
1536 425600
864 436
384 260

2160000 8226876642
1801824 6821931957
1500000 5729725809
1204224 4607785463
960000 3655301448
726624 2678179755
540000 1959943857
369024 1319834319
240000 838037280
153600 526776094
60000 188472833
38400 129597989
21600 73354020
9600 33994001
6144 18169514
2400 2852871
1536 759060
864 480
384 510

2160000 8248908177
